2.01 0.43928 0.56022
2.02 0.414293 0.585207
2.03 0.395802 0.603698
2.04 0.37981 0.61969
2.05 0.366317 0.633183
2.06 0.354323 0.645177
2.07 0.343328 0.656172
2.08 0.332834 0.666667
2.09 0.323838 0.675662
2.1 0.314843 0.684658
2.11 0.306847 0.692654
2.12 0.298851 0.70065
2.13 0.291354 0.708146
2.14 0.284358 0.715142
2.15 0.277861 0.721639
2.16 0.271864 0.727636
2.17 0.265367 0.734133
2.18 0.25987 0.73963
2.19 0.254373 0.745127
2.2 0.248876 0.750625
2.21 0.243378 0.756122
2.22 0.238381 0.761119
2.23 0.233883 0.765617
2.24 0.229385 0.770115
2.25 0.224888 0.774613
2.26 0.22039 0.77911
2.27 0.215892 0.783608
2.28 0.211894 0.787606
2.29 0.207896 0.791604
2.3 0.204398 0.795102
2.31 0.2004 0.7991
2.32 0.196902 0.802599
2.33 0.193403 0.806097
2.34 0.189905 0.809595
2.35 0.186407 0.813093
2.36 0.183408 0.816092
2.37 0.17991 0.81959
2.38 0.176912 0.822589
2.39 0.173913 0.825587
2.4 0.170915 0.828586
2.41 0.167916 0.831584
2.42 0.165417 0.834083
2.43 0.162419 0.837081
2.44 0.15992 0.83958
2.45 0.157421 0.842079
2.46 0.154923 0.844578
2.47 0.152424 0.847076
2.48 0.149925 0.849575
2.49 0.147426 0.852074
2.5 0.144928 0.854573
2.51 0.142929 0.856572
2.52 0.14043 0.85907
2.53 0.138431 0.861069
2.54 0.136432 0.863068
2.55 0.133933 0.865567
2.56 0.131934 0.867566
2.57 0.129935 0.869565
2.58 0.127936 0.871564
2.59 0.125937 0.873563
2.6 0.124438 0.875062
2.61 0.122439 0.877061
2.62 0.12044 0.87906
2.63 0.118941 0.88056
2.64 0.116942 0.882559
2.65 0.115442 0.884058
2.66 0.113443 0.886057
2.67 0.111944 0.887556
2.68 0.110445 0.889055
2.69 0.108946 0.890555
2.7 0.106947 0.892554
2.71 0.105447 0.894053
2.72 0.103948 0.895552
2.73 0.102449 0.897051
2.74 0.10095 0.898551
2.75 0.09995 0.89955
2.76 0.0984508 0.901049
2.77 0.0969515 0.902549
2.78 0.0954523 0.904048
2.79 0.0944528 0.905047
2.8 0.0929535 0.906547
2.81 0.0914543 0.908046
2.82 0.0904548 0.909045
2.83 0.0889555 0.910545
2.84 0.087956 0.911544
2.85 0.0869565 0.912544
2.86 0.0854573 0.914043
2.87 0.0844578 0.915042
2.88 0.0834583 0.916042
2.89 0.081959 0.917541
2.9 0.0809595 0.918541
2.91 0.07996 0.91954
2.92 0.0789605 0.92054
2.93 0.077961 0.921539
2.94 0.0769615 0.922539
2.95 0.075962 0.923538
2.96 0.0749625 0.924538
2.97 0.073963 0.925537
2.98 0.0729635 0.926537
2.99 0.071964 0.927536
3 0.0709645 0.928536
3.01 0.069965 0.929535
3.02 0.0689655 0.930535
3.03 0.0684658 0.931034
3.04 0.0674663 0.932034
3.05 0.0664668 0.933033
3.06 0.0654673 0.934033
3.07 0.0649675 0.934533
3.08 0.063968 0.935532
3.09 0.0629685 0.936532
3.1 0.0624688 0.937031
3.11 0.0614693 0.938031
3.12 0.0609695 0.938531
3.13 0.05997 0.93953
3.14 0.0594703 0.94003
3.15 0.0584708 0.941029
3.16 0.057971 0.941529
3.17 0.0569715 0.942529
3.18 0.0564718 0.943028
3.19 0.0554723 0.944028
3.2 0.0549725 0.944528
3.21 0.0544728 0.945027
3.22 0.0534733 0.946027
3.23 0.0529735 0.946527
3.24 0.0524738 0.947026
3.25 0.0514743 0.948026
3.26 0.0509745 0.948526
3.27 0.0504748 0.949025
3.28 0.049975 0.949525
3.29 0.0489755 0.950525
3.3 0.0484758 0.951024
3.31 0.047976 0.951524
3.32 0.0474763 0.952024
3.33 0.0469765 0.952524
3.34 0.045977 0.953523
3.35 0.0454773 0.954023
3.36 0.0449775 0.954523
3.37 0.0444778 0.955022
3.38 0.043978 0.955522
3.39 0.0434783 0.956022
3.4 0.0429785 0.956522
3.41 0.0424788 0.957021
3.42 0.041979 0.957521
3.43 0.0414793 0.958021
3.44 0.0409795 0.958521
3.45 0.0404798 0.95902
3.46 0.03998 0.95952
3.47 0.0394803 0.96002
3.48 0.0389805 0.96052
3.49 0.0384808 0.961019
3.5 0.037981 0.961519
3.51 0.0374813 0.962019
3.52 0.0374813 0.962019
3.53 0.0369815 0.962519
3.54 0.0364818 0.963018
3.55 0.035982 0.963518
3.56 0.0354823 0.964018
3.57 0.0349825 0.964518
3.58 0.0344828 0.965017
3.59 0.0344828 0.965017
3.6 0.033983 0.965517
3.61 0.0334833 0.966017
3.62 0.0329835 0.966517
3.63 0.0324838 0.967016
3.64 0.0324838 0.967016
3.65 0.031984 0.967516
3.66 0.0314843 0.968016
3.67 0.0314843 0.968016
3.68 0.0309845 0.968516
3.69 0.0304848 0.969015
3.7 0.029985 0.969515
3.71 0.029985 0.969515
3.72 0.0294853 0.970015
3.73 0.0289855 0.970515
3.74 0.0289855 0.970515
3.75 0.0284858 0.971014
3.76 0.027986 0.971514
3.77 0.027986 0.971514
3.78 0.0274863 0.972014
3.79 0.0269865 0.972514
3.8 0.0269865 0.972514
3.81 0.0264868 0.973013
3.82 0.0264868 0.973013
3.83 0.025987 0.973513
3.84 0.0254873 0.974013
3.85 0.0254873 0.974013
3.86 0.0249875 0.974513
3.87 0.0249875 0.974513
3.88 0.0244878 0.975012
3.89 0.0244878 0.975012
3.9 0.023988 0.975512
3.91 0.023988 0.975512
3.92 0.0234883 0.976012
3.93 0.0234883 0.976012
3.94 0.0229885 0.976512
3.95 0.0224888 0.977011
3.96 0.0224888 0.977011
3.97 0.021989 0.977511
3.98 0.021989 0.977511
3.99 0.021989 0.977511
4 0.0214893 0.978011
4.01 0.0214893 0.978011
4.02 0.0209895 0.978511
4.03 0.0209895 0.978511
4.04 0.0204898 0.97901
4.05 0.0204898 0.97901
4.06 0.01999 0.97951
4.07 0.01999 0.97951
4.08 0.0194903 0.98001
4.09 0.0194903 0.98001
4.1 0.0194903 0.98001
4.11 0.0189905 0.98051
4.12 0.0189905 0.98051
4.13 0.0184908 0.981009
4.14 0.0184908 0.981009
4.15 0.017991 0.981509
4.16 0.017991 0.981509
4.17 0.017991 0.981509
4.18 0.0174913 0.982009
4.19 0.0174913 0.982009
4.2 0.0174913 0.982009
4.21 0.0169915 0.982509
4.22 0.0169915 0.982509
4.23 0.0164918 0.983008
4.24 0.0164918 0.983008
4.25 0.0164918 0.983008
4.26 0.015992 0.983508
4.27 0.015992 0.983508
4.28 0.015992 0.983508
4.29 0.0154923 0.984008
4.3 0.0154923 0.984008
4.31 0.0154923 0.984008
4.32 0.0149925 0.984508
4.33 0.0149925 0.984508
4.34 0.0149925 0.984508
4.35 0.0144928 0.985007
4.36 0.0144928 0.985007
4.37 0.0144928 0.985007
4.38 0.013993 0.985507
4.39 0.013993 0.985507
4.4 0.013993 0.985507
4.41 0.013993 0.985507
4.42 0.0134933 0.986007
4.43 0.0134933 0.986007
4.44 0.0134933 0.986007
4.45 0.0129935 0.986507
4.46 0.0129935 0.986507
4.47 0.0129935 0.986507
4.48 0.0129935 0.986507
4.49 0.0124938 0.987006
4.5 0.0124938 0.987006
4.51 0.0124938 0.987006
4.52 0.0124938 0.987006
4.53 0.011994 0.987506
4.54 0.011994 0.987506
4.55 0.011994 0.987506
4.56 0.0114943 0.988006
4.57 0.0114943 0.988006
4.58 0.0114943 0.988006
4.59 0.0114943 0.988006
4.6 0.0114943 0.988006
4.61 0.0109945 0.988506
4.62 0.0109945 0.988506
4.63 0.0109945 0.988506
4.64 0.0109945 0.988506
4.65 0.0104948 0.989005
4.66 0.0104948 0.989005
4.67 0.0104948 0.989005
4.68 0.0104948 0.989005
4.69 0.0104948 0.989005
4.7 0.009995 0.989505
4.71 0.009995 0.989505
4.72 0.009995 0.989505
4.73 0.009995 0.989505
4.74 0.00949525 0.990005
4.75 0.00949525 0.990005
4.76 0.00949525 0.990005
4.77 0.00949525 0.990005
4.78 0.00949525 0.990005
4.79 0.0089955 0.990505
4.8 0.0089955 0.990505
4.81 0.0089955 0.990505
4.82 0.0089955 0.990505
4.83 0.0089955 0.990505
4.84 0.0089955 0.990505
4.85 0.00849575 0.991004
4.86 0.00849575 0.991004
4.87 0.00849575 0.991004
4.88 0.00849575 0.991004
4.89 0.00849575 0.991004
4.9 0.00849575 0.991004
4.91 0.007996 0.991504
4.92 0.007996 0.991504
4.93 0.007996 0.991504
4.94 0.007996 0.991504
4.95 0.007996 0.991504
4.96 0.007996 0.991504
4.97 0.00749625 0.992004
4.98 0.00749625 0.992004
4.99 0.00749625 0.992004
5 0.00749625 0.992004
