1.2 0.499725 0.499625
1.25 0.499725 0.499625
1.3 0.499725 0.499625
1.35 0.499675 0.499575
1.4 0.499675 0.499575
1.45 0.499625 0.499525
1.5 0.499575 0.499475
1.55 0.499525 0.499425
1.6 0.499475 0.499375
1.65 0.499375 0.499275
1.7 0.499275 0.499175
1.75 0.499125 0.499025
1.8 0.498925 0.498825
1.85 0.498525 0.498425
1.9 0.497775 0.497675
1.95 0.495575 0.495475
2 0.456427 0.456327
2.05 0.364082 0.631718
2.1 0.313684 0.684266
2.15 0.277136 0.721614
2.2 0.248138 0.750962
2.25 0.224089 0.775211
2.3 0.20369 0.79576
2.35 0.186041 0.813509
2.4 0.170591 0.829059
2.45 0.156892 0.842758
2.5 0.144693 0.855007
2.55 0.133793 0.866007
2.6 0.123894 0.875856
2.65 0.114994 0.884806
2.7 0.106895 0.892955
2.75 0.099495 0.900355
2.8 0.0927454 0.907155
2.85 0.0864957 0.913354
2.9 0.080796 0.919054
2.95 0.0755462 0.924354
3 0.0707465 0.929204
3.05 0.0662467 0.933653
3.1 0.0620969 0.937803
3.15 0.0582471 0.941653
3.2 0.0546973 0.945253
3.25 0.0513974 0.948553
3.3 0.0482976 0.951652
3.35 0.0454477 0.954552
3.4 0.0427479 0.957202
3.45 0.040248 0.959702
3.5 0.0378981 0.962052
3.55 0.0356982 0.964252
3.6 0.0336983 0.966302
3.65 0.0317484 0.968202
3.7 0.0299485 0.970001
3.75 0.0282986 0.971701
3.8 0.0266987 0.973251
3.85 0.0251987 0.974751
3.9 0.0238488 0.976151
3.95 0.0224989 0.977451
4 0.0212989 0.978701
4.05 0.020149 0.979851
4.1 0.019049 0.980951
4.15 0.0179991 0.981951
4.2 0.0170491 0.982951
4.25 0.0161492 0.983851
4.3 0.0152992 0.984701
4.35 0.0144493 0.985501
4.4 0.0136993 0.986301
4.45 0.0129994 0.987001
4.5 0.0122994 0.987701
4.55 0.0116494 0.988351
4.6 0.0110494 0.988951
4.65 0.0104495 0.989501
4.7 0.0099495 0.99005
4.75 0.00939953 0.9906
4.8 0.00894955 0.99105
4.85 0.00844958 0.9915
4.9 0.0080496 0.99195
4.95 0.00764962 0.99235
5 0.00724964 0.99275
5.05 0.00684966 0.99315
5.1 0.00649968 0.9935
5.15 0.00619969 0.9938
5.2 0.00589971 0.9941
5.25 0.00559972 0.9944
5.3 0.00529974 0.9947
5.35 0.00504975 0.99495
5.4 0.00479976 0.9952
5.45 0.00454977 0.99545
5.5 0.00429979 0.9957
5.55 0.0040998 0.9959
5.6 0.00389981 0.9961
5.65 0.00369982 0.9963
5.7 0.00349983 0.9965
5.75 0.00334983 0.99665
5.8 0.00319984 0.9968
5.85 0.00299985 0.997
5.9 0.00284986 0.9971
5.95 0.00274986 0.99725
6 0.00259987 0.9974
6.05 0.00244988 0.99755
6.1 0.00234988 0.99765
6.15 0.00224989 0.99775
6.2 0.00214989 0.99785
6.25 0.0019999 0.99795
6.3 0.0019499 0.99805
6.35 0.00184991 0.99815
6.4 0.00174991 0.99825
6.45 0.00164992 0.99835
6.5 0.00159992 0.9984
6.55 0.00149993 0.9985
6.6 0.00144993 0.99855
6.65 0.00134993 0.99865
6.7 0.00129994 0.9987
6.75 0.00124994 0.99875
6.8 0.00119994 0.9988
6.85 0.00109995 0.9989
6.9 0.00104995 0.99895
6.95 0.00099995 0.999
7 0.000949953 0.99905
7.05 0.000949953 0.99905
7.1 0.000899955 0.9991
7.15 0.000849958 0.99915
7.2 0.00079996 0.9992
7.25 0.000749963 0.99925
7.3 0.000749963 0.99925
7.35 0.000699965 0.9993
7.4 0.000649968 0.99935
7.45 0.000649968 0.99935
7.5 0.00059997 0.9994
7.55 0.00059997 0.9994
7.6 0.000549973 0.99945
7.65 0.000549973 0.99945
7.7 0.000499975 0.9995
7.75 0.000499975 0.9995
7.8 0.000449978 0.99955
7.85 0.000449978 0.99955
7.9 0.00039998 0.9996
7.95 0.00039998 0.9996
8 0.00039998 0.9996
8.05 0.000349983 0.99965
8.1 0.000349983 0.99965
8.15 0.000349983 0.99965
8.2 0.000349983 0.99965
8.25 0.000299985 0.9997
8.3 0.000299985 0.9997
8.35 0.000299985 0.9997
8.4 0.000299985 0.9997
8.45 0.000249988 0.99975
8.5 0.000249988 0.99975
8.55 0.000249988 0.99975
8.6 0.000249988 0.99975
8.65 0.000249988 0.99975
8.7 0.00019999 0.9998
8.75 0.00019999 0.9998
8.8 0.00019999 0.9998
8.85 0.00019999 0.9998
8.9 0.00019999 0.9998
8.95 0.00019999 0.9998
9 0.00019999 0.9998
9.05 0.000149993 0.99985
9.1 0.000149993 0.99985
9.15 0.000149993 0.99985
9.2 0.000149993 0.99985
9.25 0.000149993 0.99985
9.3 0.000149993 0.99985
9.35 0.000149993 0.99985
9.4 0.000149993 0.9999
9.45 0.000149993 0.9999
9.5 0.000149993 0.9999
9.55 0.000149993 0.9999
9.6 0.000149993 0.9999
9.65 0.000149993 0.9999
9.7 0.000149993 0.9999
9.75 9.9995e-05 0.9999
9.8 9.9995e-05 0.9999
9.85 9.9995e-05 0.9999
9.9 9.9995e-05 0.9999
9.95 9.9995e-05 0.9999
10 9.9995e-05 0.9999
10.05 9.9995e-05 0.9999
10.1 9.9995e-05 0.9999
10.15 9.9995e-05 0.9999
10.2 9.9995e-05 0.9999
10.25 9.9995e-05 0.9999
10.3 9.9995e-05 0.9999
10.35 9.9995e-05 0.9999
10.4 9.9995e-05 0.9999
10.45 9.9995e-05 0.9999
10.5 9.9995e-05 0.9999
10.55 9.9995e-05 0.9999
10.6 4.99975e-05 0.9999
10.65 4.99975e-05 0.9999
10.7 4.99975e-05 0.9999
10.75 4.99975e-05 0.9999
10.8 4.99975e-05 0.9999
10.85 4.99975e-05 0.9999
10.9 4.99975e-05 0.9999
10.95 4.99975e-05 0.9999
11 4.99975e-05 0.9999
11.05 4.99975e-05 0.9999
11.1 4.99975e-05 0.9999
11.15 4.99975e-05 0.9999
11.2 4.99975e-05 0.9999
11.25 4.99975e-05 0.9999
11.3 4.99975e-05 0.9999
11.35 4.99975e-05 0.9999
11.4 4.99975e-05 0.9999
11.45 4.99975e-05 0.9999
11.5 4.99975e-05 0.9999
11.55 4.99975e-05 0.9999
11.6 4.99975e-05 0.9999
11.65 4.99975e-05 0.9999
11.7 4.99975e-05 0.9999
11.75 4.99975e-05 0.9999
11.8 4.99975e-05 0.9999
11.85 4.99975e-05 0.9999
11.9 4.99975e-05 0.9999
11.95 4.99975e-05 0.9999
12 4.99975e-05 0.9999
12.05 4.99975e-05 0.9999
12.1 4.99975e-05 0.9999
12.15 4.99975e-05 0.9999
12.2 4.99975e-05 0.9999
12.25 4.99975e-05 0.9999
12.3 4.99975e-05 0.9999
12.35 4.99975e-05 0.9999
12.4 4.99975e-05 0.9999
12.45 4.99975e-05 0.9999
12.5 4.99975e-05 0.9999
12.55 4.99975e-05 0.9999
12.6 4.99975e-05 0.9999
12.65 4.99975e-05 0.9999
12.7 4.99975e-05 0.9999
12.75 4.99975e-05 0.9999
12.8 4.99975e-05 0.9999
12.85 4.99975e-05 0.9999
12.9 4.99975e-05 0.9999
12.95 4.99975e-05 0.9999
13 4.99975e-05 0.9999
13.05 4.99975e-05 0.9999
13.1 4.99975e-05 0.9999
13.15 4.99975e-05 0.9999
13.2 4.99975e-05 0.9999
13.25 4.99975e-05 0.9999
13.3 4.99975e-05 0.9999
13.35 4.99975e-05 0.9999
13.4 4.99975e-05 0.9999
13.45 4.99975e-05 0.9999
13.5 4.99975e-05 0.9999
13.55 4.99975e-05 0.9999
13.6 4.99975e-05 0.9999
13.65 4.99975e-05 0.9999
13.7 4.99975e-05 0.9999
13.75 4.99975e-05 0.9999
13.8 4.99975e-05 0.9999
13.85 4.99975e-05 0.9999
13.9 4.99975e-05 0.9999
13.95 4.99975e-05 0.9999
14 4.99975e-05 0.9999
14.05 4.99975e-05 0.9999
14.1 4.99975e-05 0.9999
14.15 4.99975e-05 0.9999
14.2 4.99975e-05 0.9999
14.25 4.99975e-05 0.9999
14.3 4.99975e-05 0.9999
14.35 4.99975e-05 0.9999
14.4 4.99975e-05 0.9999
14.45 4.99975e-05 0.9999
14.5 4.99975e-05 0.9999
14.55 4.99975e-05 0.9999
14.6 4.99975e-05 0.9999
14.65 4.99975e-05 0.9999
14.7 4.99975e-05 0.9999
14.75 4.99975e-05 0.9999
14.8 4.99975e-05 0.9999
14.85 4.99975e-05 0.9999
14.9 4.99975e-05 0.9999
14.95 4.99975e-05 0.9999
15 4.99975e-05 0.9999
15.05 4.99975e-05 0.9999
15.1 4.99975e-05 0.9999
15.15 4.99975e-05 0.9999
15.2 4.99975e-05 0.9999
15.25 4.99975e-05 0.9999
15.3 4.99975e-05 0.9999
15.35 4.99975e-05 0.9999
15.4 4.99975e-05 0.9999
15.45 4.99975e-05 0.9999
15.5 4.99975e-05 0.9999
15.55 4.99975e-05 0.9999
15.6 4.99975e-05 0.9999
15.65 4.99975e-05 0.9999
15.7 4.99975e-05 0.9999
15.75 4.99975e-05 0.9999
15.8 4.99975e-05 0.9999
15.85 4.99975e-05 0.9999
15.9 4.99975e-05 0.9999
15.95 4.99975e-05 0.9999
16 4.99975e-05 0.9999
16.05 4.99975e-05 0.9999
16.1 4.99975e-05 0.9999
16.15 4.99975e-05 0.9999
16.2 4.99975e-05 0.9999
16.25 4.99975e-05 0.9999
16.3 4.99975e-05 0.9999
16.35 4.99975e-05 0.9999
16.4 4.99975e-05 0.9999
16.45 4.99975e-05 0.9999
16.5 4.99975e-05 0.9999
16.55 4.99975e-05 0.9999
16.6 4.99975e-05 0.9999
16.65 4.99975e-05 0.9999
16.7 4.99975e-05 0.9999
16.75 4.99975e-05 0.9999
16.8 4.99975e-05 0.9999
16.85 4.99975e-05 0.9999
16.9 4.99975e-05 0.9999
16.95 4.99975e-05 0.9999
17 4.99975e-05 0.9999
17.05 4.99975e-05 0.9999
17.1 4.99975e-05 0.9999
17.15 4.99975e-05 0.9999
17.2 4.99975e-05 0.9999
17.25 4.99975e-05 0.9999
17.3 4.99975e-05 0.9999
17.35 4.99975e-05 0.9999
17.4 4.99975e-05 0.9999
17.45 4.99975e-05 0.9999
17.5 4.99975e-05 0.9999
17.55 4.99975e-05 0.9999
17.6 4.99975e-05 0.9999
17.65 4.99975e-05 0.9999
17.7 4.99975e-05 0.9999
17.75 4.99975e-05 0.9999
17.8 4.99975e-05 0.9999
17.85 4.99975e-05 0.9999
17.9 4.99975e-05 0.9999
17.95 4.99975e-05 0.9999
18 4.99975e-05 0.9999
18.05 4.99975e-05 0.9999
18.1 4.99975e-05 0.9999
18.15 4.99975e-05 0.9999
18.2 4.99975e-05 0.9999
18.25 4.99975e-05 0.9999
18.3 4.99975e-05 0.9999
18.35 4.99975e-05 0.9999
18.4 4.99975e-05 0.9999
18.45 4.99975e-05 0.9999
18.5 4.99975e-05 0.9999
18.55 4.99975e-05 0.9999
18.6 4.99975e-05 0.9999
18.65 4.99975e-05 0.9999
18.7 4.99975e-05 0.9999
18.75 4.99975e-05 0.9999
18.8 4.99975e-05 0.9999
18.85 4.99975e-05 0.9999
18.9 4.99975e-05 0.9999
18.95 4.99975e-05 0.9999
19 4.99975e-05 0.9999
19.05 4.99975e-05 0.9999
19.1 4.99975e-05 0.9999
19.15 4.99975e-05 0.9999
19.2 4.99975e-05 0.9999
19.25 4.99975e-05 0.9999
19.3 4.99975e-05 0.9999
19.35 4.99975e-05 0.9999
19.4 4.99975e-05 0.9999
19.45 4.99975e-05 0.9999
19.5 4.99975e-05 0.9999
19.55 4.99975e-05 0.9999
19.6 4.99975e-05 0.9999
19.65 4.99975e-05 0.9999
19.7 4.99975e-05 0.9999
19.75 4.99975e-05 0.9999
19.8 4.99975e-05 0.9999
19.85 4.99975e-05 0.9999
19.9 4.99975e-05 0.9999
19.95 4.99975e-05 0.9999
