1.2 0.375681 0.375581
1.25 0.375231 0.375131
1.3 0.374831 0.374731
1.35 0.374381 0.374281
1.4 0.373931 0.373831
1.45 0.373481 0.373381
1.5 0.373031 0.372931
1.55 0.372581 0.372481
1.6 0.372131 0.372031
1.65 0.371631 0.371531
1.7 0.371181 0.371081
1.75 0.370731 0.370631
1.8 0.370281 0.370181
1.85 0.369782 0.369682
1.9 0.369332 0.369232
1.95 0.368832 0.368732
2 0.368382 0.368282
2.05 0.367882 0.367782
2.1 0.367382 0.367282
2.15 0.366932 0.366832
2.2 0.366432 0.366332
2.25 0.365932 0.365832
2.3 0.365432 0.365332
2.35 0.364932 0.364832
2.4 0.364432 0.364332
2.45 0.363932 0.363832
2.5 0.363432 0.363332
2.55 0.362932 0.362832
2.6 0.362382 0.362282
2.65 0.361882 0.361782
2.7 0.361382 0.361282
2.75 0.360832 0.360732
2.8 0.360332 0.360232
2.85 0.359782 0.359682
2.9 0.359232 0.359132
2.95 0.358732 0.358632
3 0.358182 0.358082
3.05 0.357632 0.357532
3.1 0.357082 0.356982
3.15 0.356532 0.356432
3.2 0.355982 0.355882
3.25 0.355432 0.355332
3.3 0.354882 0.354782
3.35 0.354332 0.354232
3.4 0.353732 0.353632
3.45 0.353182 0.353082
3.5 0.352632 0.352532
3.55 0.352032 0.351932
3.6 0.351482 0.351382
3.65 0.350882 0.350782
3.7 0.350282 0.350182
3.75 0.349733 0.349633
3.8 0.349133 0.349033
3.85 0.348533 0.348433
3.9 0.347933 0.347833
3.95 0.347333 0.347233
4 0.346733 0.346633
4.05 0.346133 0.346033
4.1 0.345483 0.345383
4.15 0.344883 0.344783
4.2 0.344283 0.344183
4.25 0.343633 0.343533
4.3 0.343033 0.342933
4.35 0.342383 0.342283
4.4 0.341733 0.341633
4.45 0.341133 0.341033
4.5 0.340483 0.340383
4.55 0.339833 0.339733
4.6 0.339183 0.339083
4.65 0.338533 0.338433
4.7 0.337883 0.337783
4.75 0.337233 0.337133
4.8 0.336533 0.336433
4.85 0.335883 0.335783
4.9 0.335233 0.335133
4.95 0.334533 0.334433
5 0.333883 0.333783
5.05 0.333183 0.333083
5.1 0.332483 0.332383
5.15 0.331833 0.331733
5.2 0.331133 0.331033
5.25 0.330433 0.330333
5.3 0.329734 0.329634
5.35 0.329034 0.328934
5.4 0.328334 0.328234
5.45 0.327584 0.327484
5.5 0.326884 0.326784
5.55 0.326184 0.326084
5.6 0.325434 0.325334
5.65 0.324734 0.324634
5.7 0.323984 0.323884
5.75 0.323234 0.323134
5.8 0.322534 0.322434
5.85 0.321784 0.321684
5.9 0.321034 0.320934
5.95 0.320284 0.320184
6 0.319534 0.319434
6.05 0.318784 0.318684
6.1 0.317984 0.317884
6.15 0.317234 0.317134
6.2 0.316484 0.316384
6.25 0.315684 0.315584
6.3 0.314934 0.314834
6.35 0.314134 0.314034
6.4 0.313334 0.313234
6.45 0.312584 0.312484
6.5 0.311784 0.311684
6.55 0.310984 0.310884
6.6 0.310184 0.310084
6.65 0.309385 0.309285
6.7 0.308585 0.308485
6.75 0.307785 0.307685
6.8 0.306935 0.306835
6.85 0.306135 0.306035
6.9 0.305335 0.305235
6.95 0.304485 0.304385
7 0.303685 0.303585
7.05 0.302835 0.302735
7.1 0.301985 0.301885
7.15 0.301185 0.301085
7.2 0.300335 0.300235
7.25 0.299485 0.299385
7.3 0.298635 0.298535
7.35 0.297785 0.297685
7.4 0.296935 0.296835
7.45 0.296035 0.295935
7.5 0.295185 0.295085
7.55 0.294335 0.294235
7.6 0.293435 0.293335
7.65 0.292585 0.292485
7.7 0.291685 0.291585
7.75 0.290835 0.290735
7.8 0.289936 0.289836
7.85 0.289036 0.288936
7.9 0.288186 0.288086
7.95 0.287286 0.287186
8 0.286386 0.286286
8.05 0.285486 0.285386
8.1 0.284586 0.284486
8.15 0.283686 0.283586
8.2 0.282786 0.282686
8.25 0.281836 0.281736
8.3 0.280936 0.280836
8.35 0.280036 0.279936
8.4 0.279086 0.278986
8.45 0.278186 0.278086
8.5 0.277286 0.277186
8.55 0.276336 0.276236
8.6 0.275386 0.275286
8.65 0.274486 0.274386
8.7 0.273536 0.273436
8.75 0.272586 0.272486
8.8 0.271686 0.271586
8.85 0.270736 0.270636
8.9 0.269787 0.269687
8.95 0.268837 0.268737
9 0.267887 0.267787
9.05 0.266937 0.266837
9.1 0.265987 0.265887
9.15 0.265037 0.264937
9.2 0.264087 0.263987
9.25 0.263087 0.262987
9.3 0.262137 0.262037
9.35 0.261187 0.79256
9.4 0.260237 0.80571
9.45 0.259237 0.814759
9.5 0.258287 0.821959
9.55 0.257287 0.828009
9.6 0.256337 0.833308
9.65 0.255387 0.837958
9.7 0.254387 0.842208
9.75 0.253437 0.846108
9.8 0.252437 0.849658
9.85 0.251437 0.853007
9.9 0.250487 0.856107
9.95 0.249488 0.859007
10 0.248538 0.861757
10.05 0.247538 0.864357
10.1 0.246538 0.866807
10.15 0.245588 0.869157
10.2 0.244588 0.871356
10.25 0.243588 0.873506
10.3 0.242588 0.875506
10.35 0.241638 0.877456
10.4 0.240638 0.879356
10.45 0.239638 0.881156
10.5 0.238638 0.882856
10.55 0.237688 0.884556
10.6 0.236688 0.886156
10.65 0.235688 0.887706
10.7 0.234688 0.889206
10.75 0.233688 0.890655
10.8 0.232688 0.892055
10.85 0.231738 0.893455
10.9 0.230738 0.894755
10.95 0.229739 0.896055
11 0.228739 0.897305
11.05 0.227739 0.898505
11.1 0.226789 0.899705
11.15 0.225789 0.900855
11.2 0.224789 0.901955
11.25 0.223789 0.903055
11.3 0.222839 0.904105
11.35 0.221839 0.905155
11.4 0.220839 0.906155
11.45 0.219839 0.907155
11.5 0.218889 0.908105
11.55 0.217889 0.909055
11.6 0.216889 0.909955
11.65 0.215939 0.910854
11.7 0.214939 0.911754
11.75 0.213939 0.912604
11.8 0.212989 0.913454
11.85 0.211989 0.914254
11.9 0.211039 0.915054
11.95 0.210039 0.915854
12 0.20909 0.916604
12.05 0.20809 0.917354
12.1 0.20714 0.918104
12.15 0.20614 0.918854
12.2 0.20519 0.919554
12.25 0.20424 0.920254
12.3 0.20324 0.920954
12.35 0.20229 0.921604
12.4 0.20134 0.922254
12.45 0.20039 0.922904
12.5 0.19944 0.923554
12.55 0.19844 0.924204
12.6 0.19749 0.924804
12.65 0.19654 0.925404
12.7 0.19559 0.926004
12.75 0.19464 0.926554
12.8 0.19374 0.927154
12.85 0.19279 0.927704
12.9 0.19184 0.928254
12.95 0.19089 0.928804
13 0.189941 0.929354
13.05 0.189041 0.929854
13.1 0.188091 0.930403
13.15 0.187141 0.930903
13.2 0.186241 0.931403
13.25 0.185291 0.931903
13.3 0.184391 0.932403
13.35 0.183491 0.932853
13.4 0.182541 0.933353
13.45 0.181641 0.933803
13.5 0.180741 0.934253
13.55 0.179841 0.934753
13.6 0.178941 0.935153
13.65 0.177991 0.935603
13.7 0.177091 0.936053
13.75 0.176241 0.936453
13.8 0.175341 0.946353
13.85 0.174441 0.956302
13.9 0.173541 0.961852
13.95 0.172641 0.965952
14 0.171791 0.969202
14.05 0.170891 0.971951
14.1 0.170041 0.974251
14.15 0.169142 0.976251
14.2 0.168292 0.978051
14.25 0.167392 0.979651
14.3 0.166542 0.981051
14.35 0.165692 0.982351
14.4 0.164842 0.983501
14.45 0.163992 0.984601
14.5 0.163142 0.985551
14.55 0.162292 0.986451
14.6 0.161442 0.987301
14.65 0.160592 0.988051
14.7 0.159742 0.988801
14.75 0.158892 0.989451
14.8 0.158092 0.99005
14.85 0.157242 0.99065
14.9 0.156442 0.99115
14.95 0.155592 0.99165
15 0.154792 0.99215
15.05 0.153992 0.99255
15.1 0.153142 0.993
15.15 0.152342 0.99335
15.2 0.151542 0.9937
15.25 0.150742 0.99405
15.3 0.149943 0.9944
15.35 0.149143 0.9947
15.4 0.148343 0.99495
15.45 0.147593 0.99525
15.5 0.146793 0.9955
15.55 0.145993 0.9957
15.6 0.145243 0.99595
15.65 0.144443 0.99615
15.7 0.143693 0.99635
15.75 0.142943 0.99655
15.8 0.142143 0.9967
15.85 0.141393 0.9969
15.9 0.140643 0.99705
15.95 0.139893 0.9972
16 0.139143 0.99735
16.05 0.138393 0.99745
16.1 0.137643 0.9976
16.15 0.136893 0.9977
16.2 0.136193 0.99785
16.25 0.135443 0.99795
16.3 0.134693 0.99805
16.35 0.133993 0.99815
16.4 0.133243 0.9982
16.45 0.132543 0.9983
16.5 0.131843 0.9984
16.55 0.131143 0.99845
16.6 0.130393 0.99855
16.65 0.129694 0.9986
16.7 0.128994 0.9987
16.75 0.128294 0.99875
16.8 0.127594 0.9988
16.85 0.126944 0.99885
16.9 0.126244 0.9989
16.95 0.125544 0.99895
17 0.124894 0.999
17.05 0.124194 0.99905
17.1 0.123544 0.9991
17.15 0.122844 0.99915
17.2 0.122194 0.9992
17.25 0.121544 0.99925
17.3 0.120844 0.99925
17.35 0.120194 0.9993
17.4 0.119544 0.99935
17.45 0.118894 0.99935
17.5 0.118244 0.9994
17.55 0.117594 0.9994
17.6 0.116994 0.99945
17.65 0.116344 0.99945
17.7 0.115694 0.9995
17.75 0.115094 0.9995
17.8 0.114444 0.99955
17.85 0.113844 0.99955
17.9 0.113194 0.99955
17.95 0.112594 0.9996
18 0.111994 0.9996
18.05 0.111344 0.99965
18.1 0.110744 0.99965
18.15 0.110144 0.99965
18.2 0.109545 0.99965
18.25 0.108945 0.9997
18.3 0.108345 0.9997
18.35 0.107745 0.9997
18.4 0.107195 0.9997
18.45 0.106595 0.99975
18.5 0.105995 0.99975
18.55 0.105445 0.99975
18.6 0.104845 0.99975
18.65 0.104295 0.99975
18.7 0.103695 0.9998
18.75 0.103145 0.9998
18.8 0.102595 0.9998
18.85 0.102045 0.9998
18.9 0.101445 0.9998
18.95 0.100895 0.9998
19 0.100345 0.9998
19.05 0.099795 0.99985
19.1 0.099295 0.99985
19.15 0.0987451 0.99985
19.2 0.0981951 0.99985
19.25 0.0976451 0.99985
19.3 0.0971451 0.99985
19.35 0.0965952 0.99985
19.4 0.0960452 0.9999
19.45 0.0955452 0.9999
19.5 0.0950452 0.9999
19.55 0.0944953 0.9999
19.6 0.0939953 0.9999
19.65 0.0934953 0.9999
19.7 0.0929454 0.9999
19.75 0.0924454 0.9999
19.8 0.0919454 0.9999
19.85 0.0914454 0.9999
19.9 0.0909455 0.9999
19.95 0.0904455 0.9999
